Item 0 55 4690
Item 1 23 3105
Item 2 12 8968
Item 3 36 2595
Item 4 53 5993
Item 5 35 6466
Item 6 50 6446
Item 7 19 4847
Item 8 22 3477
Item 9 16 9123
Item 10 56 4510
Item 11 8 8579
Item 12 19 1338
Item 13 15 4200
Item 14 0 4181
Item 15 44 6423
Item 16 45 2417
Item 17 55 6345
Item 18 23 8759
Item 19 24 2180
Item 20 37 9680
Item 21 7 1882
Item 22 41 2920
Item 23 18 4148
Item 24 30 5455
Item 25 22 5556
Item 26 24 4706
Item 27 37 6672
Item 28 0 5618
Item 29 27 6294
Item 30 43 3917
Item 31 34 1308
Item 32 20 2847
Item 33 39 2093
Item 34 37 1728
Item 35 5 3165
Item 36 20 9758
Item 37 27 2587
Item 38 37 7089
Item 39 6 7541
Item 40 55 5575
Item 41 2 5722
Item 42 26 8695
Item 43 35 1014
Item 44 44 5250
Item 45 23 5028
Item 46 59 2596
Item 47 30 9756
Item 48 2 4828
Item 49 37 1738
Item 50 40 2762
Item 51 35 9019
Item 52 21 4153
Item 53 6 8721
Item 54 39 1337
Item 55 14 1993
Item 56 52 4072
Item 57 32 9068
Item 58 42 5868
Item 59 50 5801
Item 60 60 1188
Item 61 45 7976
Item 62 24 6004
Item 63 14 8217
Item 64 36 9415
Item 65 8 7440
Item 66 44 4848
Item 67 50 3801
Item 68 58 7665
Item 69 47 8294
Item 70 38 4526
Item 71 10 3228
Item 72 43 3277
Item 73 0 8044
Item 74 16 6897
Item 75 44 1201
Item 76 26 7673
Item 77 0 7757
Item 78 3 3061
Item 79 48 9454
Item 80 19 2259
Item 81 28 8591
Item 82 25 6788
Item 83 4 7607
Item 84 41 5909
Item 85 27 5249
Item 86 38 1567
Item 87 18 7612
Item 88 35 2825
Item 89 49 7244
Item 90 11 4894
Item 91 8 9167
Item 92 11 8429
Item 93 46 9195
Item 94 10 4139
Item 95 4 2600
Item 96 2 7506
Item 97 16 9120
Item 98 18 2175
Item 99 37 1997
